1 17312
2 2391
3 0
4 1752
5 1107
6 1177
7 1030
8 1036
9 0
10 1614
11 0
12 2074
13 1092
14 0
15 0
16 1438
17 1045
18 0
19 0
20 0
21 0
22 1160
23 0
24 1553
25 0
26 1551
27 1012
28 1122
29 0
30 1363
31 1027
32 1054
33 0
34 505
35 0
36 0
37 1238
38 0
39 0
40 0
41 0
42 0
43 0
44 0
45 0
46 0
47 0
48 1324
49 1227
50 0
51 1432
52 0
53 0
54 0
55 0
56 0
57 0
58 0
59 7925
60 0
61 1251
62 1110
63 1104
64 1044
65 1148
66 0
67 0
68 0
69 0
70 0
71 4602
72 1119
73 0
74 0
75 0
76 4262
77 1072
78 0
79 2147
80 1093
81 1503
82 0
83 1892
84 1128
85 0
86 2598
87 1003
88 0
89 1482
90 0
91 0
92 1220
93 1191
94 1006
95 0
96 0
97 0
98 0
99 1329
100 0
101 0
102 0
103 0
104 0
105 0
106 0
107 0
108 0
109 0
110 0
111 0
112 0
113 0
114 0
115 0
116 0
117 1387
118 0
119 0
120 0
121 0
122 0
123 0
124 0
125 0
126 0
127 0
128 0
129 0
130 0
131 0
132 0
133 0
134 1952
135 0
136 0
137 0
138 0
139 0
140 0
141 0
142 0
143 0
144 0
145 0
146 0
147 1003
148 0
149 0
150 0
151 0
152 0
153 0
154 0
155 0
156 1007
157 0
158 0
159 0
160 0
161 0
162 0
163 0
164 1020
165 0
166 0
167 0
168 0
169 0
170 0
171 0
172 0
173 0
174 0
175 0
176 0
177 0
178 0
179 0
180 0
181 0
182 0
183 0
184 0
185 1193
186 0
187 0
188 0
189 0
190 0
191 0
192 1041
193 0
194 0
195 0
196 0
197 0
198 0
199 0
200 0
201 0
202 0
203 0
204 0
205 0
206 0
207 0
208 2005
209 0
210 0
211 0
212 0
213 0
214 3538
215 0
216 0
217 0
218 2512
219 0
220 0
221 0
222 0
223 0
224 2807
225 0
226 0
227 0
228 0
229 0
230 0
231 0
232 1520
233 0
234 2945
235 3004
236 4005
237 0
238 2980
239 0
240 0
241 0
242 2900
243 0
244 0
245 0
246 2348
247 0
248 2473
249 1895
250 0
251 4467
252 0
253 642
254 0
255 2370
256 0
257 0
258 0
259 0
260 8723
261 2134
262 0
263 0
264 0
265 3123
266 3552
267 0
268 3047
269 0
270 0
271 0
272 0
273 0
274 3019
275 3377
276 0
277 0
278 0
279 3827
280 3949
281 0
282 2986
283 2019
284 1634
285 0
286 4298
287 3775
288 0
289 0
290 4459
291 3850
292 0
293 0
294 0
295 9192
296 0
297 0
298 0
299 0
300 3305
301 0
302 0
303 0
304 8464
305 0
306 2209
307 0
308 0
309 2010
310 5741
311 4170
312 0
313 4604
314 4441
315 1401
316 0
317 0
318 2024
319 5412
320 0
321 0
322 0
323 0
324 0
325 4163
326 0
327 4268
328 0
329 9227
330 4306
331 0
332 0
333 0
334 0
335 1437
336 4899
337 0
338 0
339 0
340 0
341 0
342 4843
343 4790
344 0
345 1995
346 0
347 0
348 0
349 0
350 0
351 0
352 0
353 0
354 0
355 0
356 0
357 0
358 0
359 0
360 0
361 0
362 0
363 0
364 0
365 0
366 4543
367 5607
368 0
369 0
370 5026
371 0
372 0
373 0
374 12251
375 2659
376 0
377 0
378 0
379 0
380 2173
381 0
382 0
383 0
384 13023
385 0
386 12878
387 0
388 0
389 0
390 6470
391 2263
392 0
393 1432
394 0
395 2023
396 0
397 5892
398 0
399 6504
400 0
401 0
402 0
403 0
404 0
405 6609
406 4204
407 0
408 3507
409 0
410 0
411 6910
412 0
413 6342
414 0
415 0
416 17458
417 0
418 2201
419 6156
420 1401
421 0
422 2049
423 0
424 0
425 0
426 0
427 0
428 0
429 0
430 4187
431 6855
432 5869
433 5506
434 0
435 7834
436 0
437 2471
438 0
439 0
440 0
441 0
442 0
443 0
444 1511
445 0
446 0
447 0
448 0
449 0
450 0
451 0
452 0
453 0
454 0
455 0
456 11509
457 0
458 0
459 0
460 0
461 15724
462 0
463 0
464 0
465 0
466 0
467 0
468 17389
469 0
470 0
471 0
472 0
473 0
474 0
475 0
476 16048
477 0
478 0
479 0
480 0
481 0
482 0
483 0
484 9020
485 0
486 4510
487 0
488 0
489 0
490 0
491 0
492 15969
493 0
494 0
495 8522
496 0
497 0
498 15643
499 0
500 0
501 15694
502 0
503 0
504 15675
505 11228
506 0
507 547
508 9964
509 6599
510 0
511 0
512 0
513 2635
514 0
515 0
516 3867
517 10503
518 0
519 6752
520 4041
521 0
522 0
523 0
524 0
525 11379
526 8021
527 6135
528 0
529 9351
530 8975
531 6868
532 0
533 0
534 10361
535 6652
536 0
537 0
538 0
539 0
540 0
541 14590
542 0
543 0
544 0
545 0
546 10504
547 0
548 0
549 0
550 0
551 0
552 0
553 0
554 0
555 10870
556 0
557 0
558 8667
559 0
560 0
561 0
562 11951
563 0
564 5579
565 3257
566 12504
567 0
568 0
569 0
570 0
571 0
572 0
573 12711
574 0
575 0
576 0
577 0
578 15700
579 0
580 0
581 0
582 8617
583 0
584 4162
585 10519
586 0
587 0
588 0
589 0
590 0
591 0
592 6469
593 0
594 0
595 0
596 0
597 0
598 0
599 0
600 0
601 0
602 0
603 0
604 0
605 0
606 15625
607 15525
608 0
609 0
610 0
611 0
612 0
613 0
614 0
615 0
616 0
617 0
618 0
619 0
620 0
621 0
622 0
623 0
624 0
625 0
626 0
627 0
628 0
629 0
630 0
631 0
632 0
633 6020
634 0
635 0
636 0
637 0
638 0
639 0
640 0
641 0
642 0
643 0
644 0
645 0
646 10097
647 0
648 0
649 0
650 0
651 0
652 10005
653 14020
654 1472
655 0
656 0
657 0
658 0
659 0
660 0
661 0
662 0
663 0
664 13864
665 0
666 15510
667 0
668 0
669 2503
670 0
671 0
672 0
673 0
674 15629
675 0
676 0
677 0
678 8415
679 0
680 0
681 15679
682 0
683 5977
684 0
685 13222
686 10505
687 3739
688 8410
689 0
690 0
691 6008
692 0
693 5278
694 10904
695 14067
696 2011
697 0
698 7561
699 0
700 0
701 0
702 0
703 9925
704 0
705 15662
706 4777
707 8425
708 0
709 15771
710 3908
711 6934
712 10625
713 0
714 0
715 0
716 0
717 14505
718 0
719 8042
720 0
721 15632
722 5596
723 0
724 0
725 0
726 0
727 0
728 15632
729 2075
730 0
731 14648
732 0
733 0
734 14374
735 3199
736 0
737 9278
738 0
739 7327
740 13550
741 0
742 6597
743 0
744 1802
745 0
746 12203
747 0
748 3961
749 13263
750 3008
751 8779
752 14993
753 4950
754 11046
755 8505
756 7195
757 0
758 0
759 0
760 0
761 0
762 0
763 1883
764 0
765 8683
766 5153
767 0
768 0
769 0
770 0
771 0
772 0
773 0
774 0
775 0
776 10730
777 17682
778 8983
779 0
780 0
781 13384
782 0
783 11056
784 0
785 0
786 0
787 0
788 15983
789 0
790 14182
791 4209
792 15653
793 9112
794 15648
795 0
796 15677
797 8296
798 15712
799 0
800 0
801 0
802 0
803 7786
804 0
805 0
806 3784
807 9890
808 6007
809 0
810 7811
811 10284
812 10526
813 5440
814 0
815 0
816 17162
817 10968
818 5494
819 0
820 0
821 0
822 0
823 4869
824 0
825 0
826 2428
827 11826
828 0
829 15675
830 11259
831 5593
832 15101
833 8885
834 0
835 0
836 0
837 0
838 11507
839 6195
840 0
841 0
842 5720
843 0
844 12215
845 0
846 3586
847 14284
848 8960
849 4737
850 11262
851 0
852 6647
853 0
854 15714
855 11828
856 0
857 0
858 14431
859 0
860 0
861 3408
862 13586
863 0
864 7685
865 0
866 16986
867 0
868 9037
869 0
870 0
871 0
872 0
873 0
874 0
875 0
876 0
877 10731
878 7415
879 0
880 0
881 14161
882 0
883 0
884 0
885 0
886 3127
887 16687
888 14277
889 12121
890 0
891 0
892 5210
893 3201
894 17373
895 15013
896 12355
897 0
898 10752
899 0
900 0
901 0
902 0
903 16388
904 13518
905 14022
906 0
907 12004
908 0
909 11030
910 10304
911 0
912 0
913 0
914 0
915 0
916 0
917 4503
918 3076
919 1723
920 15711
921 15692
922 15920
923 16007
924 14722
925 14275
926 0
927 15805
928 15693
929 15760
930 17429
931 14008
932 15975
933 16889
934 10006
935 15956
936 16986
937 7446
938 0
939 0
940 5236
941 6768
942 8552
943 5085
944 0
945 0
946 4062
947 16016
948 2034
949 0
950 0
951 7623
952 3203
953 0
954 13388
955 0
956 0
957 4639
958 0
959 0
960 12479
961 0
962 0
963 6214
964 7339
965 9599
966 0
967 14516
968 0
969 0
970 8262
971 0
972 0
973 15673
974 0
975 6135
976 0
977 0
978 0
979 1931
980 0
981 9009
982 0
983 0
984 0
985 0
986 11004
987 0
988 17753
989 5257
990 9621
991 13749
992 0
993 7552
994 0
995 14686
996 4494
997 9569
998 9412
999 0
1000 0
1001 13057
1002 17455
1003 8157
1004 0
1005 2800
1006 3541
1007 0
1008 0
1009 0
1010 15610
1011 6299
1012 12038
1013 15514
1014 4506
1015 0
1016 15929
1017 4099
1018 10098
1019 15228
1020 0
1021 0
1022 2006
1023 9082
1024 16018
1025 7348
1026 0
1027 0
1028 0
1029 0
1030 9344
1031 15624
1032 0
1033 12751
1034 3595
1035 3901
1036 16863
1037 0
1038 12437
1039 4607
1040 0
1041 0
1042 13293
1043 5167
1044 14384
1045 6907
1046 15211
1047 7617
1048 0
1049 7619
1050 15645
1051 5195
1052 15608
1053 0
1054 15158
1055 0
1056 1603
1057 11122
1058 0
1059 13478
1060 6257
1061 16101
1062 10404
1063 3353
1064 0
1065 0
1066 0
1067 7808
1068 17419
1069 12228
1070 5712
1071 15645
1072 0
1073 6705
1074 15206
1075 0
1076 5086
1077 0
1078 0
1079 4934
1080 0
1081 10166
1082 5331
1083 0
1084 9271
1085 4048
1086 15624
1087 0
1088 6169
1089 2838
1090 14948
1091 10506
1092 0
1093 2202
1094 16000
1095 0
1096 6471
1097 17113
1098 2366
1099 8978
1100 6317
1101 2614
1102 14545
1103 0
1104 9009
1105 5993
1106 1672
1107 0
1108 0
1109 8753
1110 0
1111 16528
1112 10495
1113 0
1114 7390
1115 4341
1116 17404
1117 15623
1118 13500
1119 10407
1120 8420
1121 4648
1122 2746
1123 11505
1124 14235
1125 12477
1126 5209
1127 0
1128 8604
1129 5972
1130 0
1131 2482
1132 15632
1133 16119
1134 14168
1135 12779
1136 0
1137 7951
1138 7101
1139 6403
1140 6004
1141 5716
1142 5055
1143 5023
1144 4318
1145 3229
1146 17161
1147 15844
1148 17229
1149 12950
1150 16591
1151 2672
1152 2984
1153 3968
1154 3732
1155 0
1156 4327
1157 0
1158 4369
1159 5795
1160 6072
1161 5999
1162 0
1163 6156
1164 7946
1165 8752
1166 9008
1167 9754
1168 9673
1169 9315
1170 10026
1171 10644
1172 14619
1173 13612
1174 14005
1175 4467
1176 7357
1177 7203
1178 9139
1179 12916
1180 12607
1181 12504
1182 13004
1183 3951
1184 0
1185 10096
1186 14570
1187 15006
1188 1633
1189 0
1190 7236
1191 10464
1192 10912
1193 15611
1194 4863
1195 0
1196 11338
1197 11933
1198 17447
1199 6345
1200 9541
1201 13629
1202 17410
1203 0
1204 4869
1205 14316
1206 0
1207 7264
1208 10976
1209 15699
1210 0
1211 12291
1212 2266
1213 9011
1214 14102
1215 4425
1216 0
1217 15507
1218 0
1219 10262
1220 15229
1221 1915
1222 12186
1223 0
1224 0
1225 16692
1226 0
1227 0
1228 3380
1229 0
1230 10504
1231 6029
1232 11188
1233 0
1234 0
1235 1740
1236 0
1237 16682
1238 9013
1239 15126
1240 0
1241 0
1242 0
1243 12809
1244 0
1245 0
1246 16048
1247 8862
1248 15280
1249 0
1250 2504
1251 0
1252 13505
1253 0
1254 0
1255 10820
1256 5196
1257 13756
1258 7603
1259 8098
1260 7370
1261 15629
1262 0
1263 3752
1264 15671
1265 0
1266 4867
1267 15610
1268 0
1269 2250
1270 13837
1271 7810
1272 15610
1273 7729
1274 3495
1275 15631
1276 11351
1277 4683
1278 16133
1279 0
1280 4236
1281 15613
1282 0
1283 5957
1284 16002
1285 12286
1286 6651
1287 5137
1288 17370
1289 13219
1290 9690
1291 2234
1292 15342
1293 10157
1294 0
1295 0
1296 15563
1297 14003
1298 8808
1299 0
1300 17596
1301 15610
1302 12953
1303 9867
1304 7634
1305 6054
1306 2651
1307 15003
1308 12249
1309 9465
1310 6158
1311 4391
1312 2494
1313 14568
1314 11516
1315 10550
1316 0
1317 5653
1318 4122
1319 17514
1320 5668
1321 15769
1322 0
1323 11323
1324 0
1325 11067
1326 9687
1327 8151
1328 6006
1329 6807
1330 6948
1331 0
1332 6311
1333 4764
1334 0
1335 0
1336 2811
1337 2156
1338 17895
1339 2885
1340 1900
1341 2053
1342 2238
1343 17229
1344 10503
1345 2431
1346 17588
1347 2173
1348 4317
1349 3871
1350 5540
1351 6035
1352 7187
1353 8459
1354 9887
1355 11131
1356 12779
1357 15264
1358 12492
1359 3702
1360 0
1361 7944
1362 10658
1363 13626
1364 4821
1365 2559
1366 3442
1367 5006
1368 0
1369 12489
1370 15504
1371 4693
1372 4666
1373 11505
1374 15150
1375 2294
1376 6929
1377 9339
1378 11212
1379 15612
1380 3266
1381 0
1382 12182
1383 15900
1384 4491
1385 8365
1386 13224
1387 2265
1388 4025
1389 0
1390 15615
1391 8370
1392 15616
1393 2315
1394 6447
1395 11635
1396 17094
1397 5556
1398 0
1399 15840
1400 7293
1401 12241
1402 0
1403 0
1404 2455
1405 8534
1406 15266
1407 5768
1408 12875
1409 4062
1410 10487
1411 17258
1412 10045
1413 17089
1414 4817
1415 17070
1416 8295
1417 16018
1418 8648
1419 15157
1420 6481
1421 3505
1422 6856
1423 15950
1424 0
1425 16037
1426 0
1427 2303
1428 15004
1429 0
1430 0
1431 16050
1432 5982
1433 16106
1434 0
1435 18227
1436 0
1437 0
1438 12142
1439 0
1440 15799
1441 0
1442 4102
1443 7124
1444 8053
1445 17642
1446 11502
1447 2558
1448 17285
1449 10552
1450 5681
1451 15834
1452 10400
1453 5444
1454 15629
1455 9757
1456 5492
1457 12503
1458 11429
1459 0
1460 3014
1461 15895
1462 11653
1463 10286
1464 0
1465 1757
1466 15630
1467 0
1468 4829
1469 6238
1470 1604
1471 14436
1472 10122
1473 0
1474 3623
1475 15631
1476 16021
1477 0
1478 8175
1479 0
1480 3520
1481 1557
1482 15610
1483 12005
1484 14425
1485 11890
1486 0
1487 0
1488 11003
1489 8231
1490 8538
1491 7097
1492 6386
1493 6576
1494 0
1495 2154
1496 7503
1497 16013
1498 13505
1499 15290
1500 15659
1501 15629
1502 16106
1503 14004
1504 16994
1505 15610
1506 14503
1507 14503
1508 15818
1509 15277
1510 16664
1511 14468
1512 14826
1513 16254
1514 0
1515 3953
1516 4357
1517 0
1518 0
1519 5741
1520 8859
1521 0
1522 10504
1523 11096
1524 15611
1525 2175
1526 7370
1527 0
1528 11297
1529 15638
1530 17500
1531 0
1532 6577
1533 11505
1534 15611
1535 4238
1536 6527
1537 9154
1538 15628
1539 0
1540 6861
1541 11190
1542 17520
1543 3423
1544 0
1545 16553
1546 6126
1547 10354
1548 15823
1549 0
1550 7157
1551 4806
1552 0
1553 8447
1554 15348
1555 15626
1556 8654
1557 8435
1558 7156
1559 17054
1560 4234
1561 0
1562 15626
1563 7219
1564 8096
1565 3362
1566 10044
1567 17658
1568 0
1569 14007
1570 0
1571 2083
1572 2956
1573 11880
1574 15610
1575 0
1576 17721
1577 7895
1578 0
1579 12272
1580 0
1581 12750
1582 4881
1583 15610
1584 0
1585 16963
1586 0
1587 5004
1588 15938
1589 8729
1590 0
1591 0
1592 0
1593 0
1594 8604
1595 8006
1596 12506
1597 0
1598 15611
1599 0
1600 0
1601 15902
1602 0
1603 0
1604 14188
1605 5469
1606 9055
1607 2765
1608 15937
1609 0
1610 0
1611 15610
1612 10998
1613 0
1614 3573
1615 8505
1616 15833
1617 0
1618 0
1619 5744
1620 15644
1621 15958
1622 12327
1623 9607
1624 6531
1625 3039
1626 2354
1627 15722
1628 0
1629 11005
1630 0
1631 0
1632 5183
1633 0
1634 0
1635 15609
1636 15930
1637 13175
1638 0
1639 0
1640 11003
1641 0
1642 11167
1643 0
1644 11419
1645 11904
1646 12480
1647 15610
1648 15816
1649 15610
1650 4405
1651 11991
1652 15611
1653 16972
1654 16501
1655 15739
1656 16047
1657 15610
1658 1652
1659 0
1660 0
1661 0
1662 0
1663 0
1664 10116
1665 15940
1666 15812
1667 5008
1668 5434
1669 5576
1670 6389
1671 4322
1672 2845
1673 3009
1674 9012
1675 9991
1676 17776
1677 8055
1678 9366
1679 13047
1680 15741
1681 3141
1682 8666
1683 9768
1684 15641
1685 0
1686 6561
1687 10846
1688 18748
1689 4727
1690 11215
1691 15670
1692 4047
1693 8089
1694 12425
1695 3175
1696 8381
1697 16053
1698 6254
1699 9513
1700 15853
1701 7143
1702 16832
1703 4453
1704 11578
1705 2435
1706 10859
1707 2561
1708 11970
1709 1842
1710 11036
1711 13979
1712 3138
1713 4006
1714 6248
1715 8974
1716 13633
1717 3054
1718 0
1719 2301
1720 13785
1721 4462
1722 13748
1723 4892
1724 15610
1725 13159
1726 4905
1727 14117
1728 10964
1729 4334
1730 15983
1731 9038
1732 2945
1733 17418
1734 9997
1735 5791
1736 16139
1737 2814
1738 2466
1739 13386
1740 12324
1741 8127
1742 4934
1743 15716
1744 15887
1745 9671
1746 7186
1747 7067
1748 15635
1749 15954
1750 9219
1751 7915
1752 17899
1753 5245
1754 9943
1755 4002
1756 15631
1757 11443
1758 8452
1759 5116
1760 2475
1761 15754
1762 15895
1763 10845
1764 7265
1765 7857
1766 16184
1767 10545
1768 14659
1769 10651
1770 7699
1771 8137
1772 0
1773 6388
1774 6074
1775 0
1776 1466
1777 16922
1778 13022
1779 15863
1780 15629
1781 20155
1782 15612
1783 12003
1784 1745
1785 17244
1786 20173
1787 4685
1788 14882
1789 19934
1790 1457
1791 1365
1792 3424
1793 6727
1794 6921
1795 8107
1796 10157
1797 17305
1798 1536
1799 8334
1800 12579
1801 12932
1802 15866
1803 2446
1804 3209
1805 6847
1806 10194
1807 9249
1808 18815
1809 3427
1810 0
1811 11615
1812 17385
1813 0
1814 8026
1815 0
1816 1869
1817 0
1818 0
1819 0
1820 0
1821 0
1822 0
1823 15898
1824 7004
1825 8180
1826 15629
1827 0
1828 0
1829 20621
1830 8513
1831 9508
1832 5979
1833 15810
1834 6184
1835 15854
1836 6761
1837 10349
1838 15947
1839 0
1840 15884
1841 8453
1842 11759
1843 6986
1844 19345
1845 8121
1846 7100
1847 14006
1848 2316
1849 10568
1850 19469
1851 12545
1852 7899
1853 5871
1854 7736
1855 15657
1856 7442
1857 17849
1858 10326
1859 15629
1860 0
1861 15938
1862 11196
1863 9234
1864 13024
1865 11865
1866 7898
1867 4098
1868 15664
1869 9379
1870 6287
1871 15613
1872 0
1873 7252
1874 2215
1875 15609
1876 9415
1877 9322
1878 0
1879 15638
1880 13213
1881 0
1882 4008
1883 16106
1884 14051
1885 12844
1886 9358
1887 8360
1888 5060
1889 15649
1890 10081
1891 0
1892 6905
1893 3703
1894 17293
1895 11923
1896 15667
1897 8708
1898 9507
1899 0
1900 7775
1901 5087
1902 2160
1903 4101
1904 15630
1905 15640
1906 15610
1907 2346
1908 15611
1909 15611
1910 15600
1911 0
1912 15612
1913 0
1914 12111
1915 9136
1916 13005
1917 15871
1918 18834
1919 16872
1920 0
1921 2899
1922 6506
1923 0
1924 0
1925 11694
1926 13004
1927 15609
1928 16085
1929 12505
1930 0
1931 4677
1932 8497
1933 12704
1934 15610
1935 0
1936 10508
1937 15630
1938 15790
1939 17848
1940 3804
1941 9996
1942 10390
1943 7507
1944 15800
1945 5393
1946 8309
1947 15629
1948 0
1949 0
1950 15981
1951 1639
1952 6008
1953 9797
1954 15610
1955 6180
1956 6238
1957 3951
1958 0
1959 4005
1960 0
1961 13505
1962 2373
1963 8505
1964 0
1965 13005
1966 0
1967 15630
1968 4006
1969 11698
1970 0
1971 12748
1972 0
1973 11578
1974 4044
1975 15785
1976 0
1977 6506
1978 7740
1979 17334
1980 0
1981 0
1982 15610
1983 0
1984 0
1985 15611
1986 7825
1987 0
1988 15946
1989 0
1990 2409
1991 8751
1992 9293
1993 3561
1994 15771
1995 0
1996 6164
1997 15629
1998 9691
1999 0
2000 15910
2001 15191
2002 8535
2003 6104
2004 19202
2005 14450
2006 7943
2007 4348
2008 2701
2009 16004
2010 0
2011 0
2012 10707
2013 0
2014 6531
2015 6265
2016 0
2017 2506
2018 15614
2019 15681
2020 15899
2021 11371
2022 10051
2023 0
2024 7202
2025 4335
2026 16375
2027 17481
2028 15609
2029 17184
2030 16073
2031 12503
2032 10602
2033 17549
2034 15955
2035 17229
2036 16076
2037 16084
2038 4696
2039 6666
2040 8187
2041 0
2042 11617
2043 16022
2044 15629
2045 2379
2046 3545
2047 5845
2048 9981
2049 10875
2050 15611
2051 17681
2052 0
2053 8182
2054 9368
2055 14462
2056 2440
2057 2230
2058 0
2059 15609
2060 2064
2061 0
2062 0
2063 16102
2064 2502
2065 8891
2066 16007
2067 2534
2068 0
2069 0
2070 17115
2071 3954
2072 10726
2073 16879
2074 6833
2075 12030
2076 3620
2077 9020
2078 15610
2079 0
2080 16733
2081 5571
2082 15610
2083 6947
2084 15708
2085 5757
2086 16030
2087 7813
2088 15610
2089 0
2090 16081
2091 7922
2092 16841
2093 9733
2094 4125
2095 15819
2096 11164
2097 3698
2098 15935
2099 7839
2100 2838
2101 15610
2102 8698
2103 2020
2104 15659
2105 0
2106 15611
2107 0
2108 4139
2109 15608
2110 10506
2111 0
2112 6220
2113 11930
2114 7120
2115 2549
2116 15629
2117 0
2118 8124
2119 5605
2120 17075
2121 15491
2122 12495
2123 11167
2124 8090
2125 0
2126 15610
2127 15629
2128 15647
2129 15293
2130 11553
2131 8731
2132 10101
2133 1693
2134 5063
2135 2142
2136 15900
2137 17872
2138 15978
2139 15646
2140 15610
2141 3608
2142 15747
2143 15859
2144 16128
2145 16723
2146 17599
2147 3669
2148 5558
2149 5979
2150 7811
2151 4778
2152 8748
2153 8504
2154 15836
2155 16078
2156 15612
2157 17315
2158 5506
2159 0
2160 10949
2161 15609
2162 3120
2163 5720
2164 7961
2165 10824
2166 15611
2167 16050
2168 0
2169 9075
2170 11198
2171 15994
2172 3102
2173 7989
2174 13949
2175 15874
2176 0
2177 0
2178 17220
2179 2640
2180 7656
2181 8304
2182 0
2183 15717
2184 4717
2185 10068
2186 15630
2187 5048
2188 11600
2189 13021
2190 0
2191 15942
2192 5334
2193 15611
2194 5405
2195 16010
2196 5648
2197 16056
2198 9235
2199 15489
2200 8650
2201 1909
2202 0
2203 2460
2204 11381
2205 3344
2206 16108
2207 10115
2208 6925
2209 15168
2210 9960
2211 0
2212 15840
2213 9080
2214 3252
2215 15734
2216 4694
2217 4513
2218 15610
2219 12819
2220 0
2221 2899
2222 13003
2223 15911
2224 0
2225 6772
2226 2810
2227 15611
2228 10761
2229 4609
2230 6010
2231 3168
2232 13004
2233 15318
2234 15692
2235 9649
2236 0
2237 2529
2238 15933
2239 9224
2240 15965
2241 0
2242 7384
2243 15899
2244 12117
2245 10362
2246 9086
2247 0
2248 9900
2249 0
2250 8336
2251 15650
2252 15982
2253 15993
2254 3012
2255 16123
2256 15771
2257 15611
2258 0
2259 0
2260 0
2261 15816
2262 16016
2263 14335
2264 2731
2265 5472
2266 7674
2267 15926
2268 15611
2269 0
2270 0
2271 2442
2272 16121
2273 17468
2274 3285
2275 6471
2276 16746
2277 0
2278 10774
2279 16049
2280 6985
2281 10684
2282 15610
2283 0
2284 10072
2285 15926
2286 5008
2287 10037
2288 15630
2289 4184
2290 15741
2291 0
2292 10051
2293 3666
2294 0
2295 2501
2296 0
2297 15801
2298 8901
2299 5504
2300 0
2301 15611
2302 8378
2303 17099
2304 9306
2305 3573
2306 15847
2307 0
2308 16714
2309 0
2310 4708
2311 15954
2312 12079
2313 0
2314 15752
2315 7455
2316 2728
2317 15610
2318 0
2319 5693
2320 16030
2321 0
2322 3814
2323 15611
2324 8543
2325 0
2326 15610
2327 16010
2328 15959
2329 2666
2330 2474
2331 16043
2332 10983
2333 11216
2334 8367
2335 5840
2336 2228
2337 15609
2338 15975
2339 15610
2340 15611
2341 15808
2342 8671
2343 15629
2344 10417
2345 15865
2346 16106
2347 9022
2348 7704
2349 16120
2350 12038
2351 0
2352 11553
2353 0
2354 15786
2355 15830
2356 15662
2357 15610
2358 15831
2359 15610
2360 3239
2361 4884
2362 3370
2363 6505
2364 0
2365 10093
2366 15743
2367 16021
2368 12507
2369 2690
2370 5590
2371 6793
2372 15630
2373 5080
2374 9172
2375 11532
2376 2495
2377 14016
2378 15931
2379 3049
2380 0
2381 15611
2382 2696
2383 9022
2384 15904
2385 6518
2386 15610
2387 0
2388 8943
2389 15658
2390 0
2391 15630
2392 2604
2393 3038
2394 17504
2395 6711
2396 15611
2397 7044
2398 15696
2399 8717
2400 15640
2401 15288
2402 9484
2403 10539
2404 3712
2405 15819
2406 10159
2407 0
2408 15640
2409 5908
2410 15610
2411 6093
2412 15612
2413 13372
2414 3545
2415 15611
2416 9129
2417 3456
2418 17651
2419 8600
2420 3400
2421 15716
2422 8159
2423 0
2424 15611
2425 9077
2426 0
2427 16511
2428 15899
2429 0
2430 6916
2431 15610
2432 16096
2433 8161
2434 11102
2435 8008
2436 15781
2437 6275
2438 1453
2439 12524
2440 7768
2441 3852
2442 2986
2443 5614
2444 6243
2445 18446
2446 4386
2447 9029
2448 3102
2449 11462
2450 15955
2451 5639
2452 11719
2453 9618
2454 5522
2455 15903
2456 0
2457 5666
2458 15716
2459 15930
2460 9006
2461 9572
2462 7141
2463 7916
2464 15739
2465 5943
2466 3616
2467 16126
2468 15820
2469 15610
2470 4368
2471 8957
2472 15652
2473 4320
2474 14081
2475 15646
2476 3102
2477 10538
2478 16024
2479 21974
2480 7505
2481 15939
2482 9233
2483 7166
2484 15815
2485 3993
2486 2841
2487 14219
2488 4366
2489 10593
2490 1114
2491 9552
2492 3543
2493 9514
2494 18516
2495 8449
2496 17143
2497 8567
2498 16050
2499 15647
2500 3013
2501 12743
2502 4894
2503 15665
2504 0
2505 17049
2506 15921
2507 0
2508 15883
2509 10006
2510 3593
2511 15691
2512 15612
2513 0
2514 22377
2515 10463
2516 4033
2517 15705
2518 12879
2519 15818
2520 8944
2521 4539
2522 15124
2523 16044
2524 14245
2525 8782
2526 0
2527 12889
2528 14006
2529 18713
2530 0
2531 0
2532 0
2533 1019
2534 17187
2535 15781
2536 15846
2537 16029
2538 15505
2539 15630
2540 15611
2541 15611
2542 15611
2543 16115
2544 15630
2545 15612
2546 0
2547 0
2548 0
2549 10685
2550 0
2551 9752
2552 15673
2553 15629
2554 0
2555 15611
2556 8809
2557 6912
2558 15611
2559 15610
2560 0
2561 0
2562 8393
2563 15614
2564 0
2565 6492
2566 15951
2567 15610
2568 4838
2569 9386
2570 15611
2571 0
2572 20132
2573 0
2574 16609
2575 20485
2576 9414
2577 15640
2578 7773
2579 0
2580 4505
2581 0
2582 15613
2583 8438
2584 0
2585 15613
2586 0
2587 22641
2588 15654
2589 0
2590 7296
2591 16121
2592 0
2593 0
2594 7571
2595 17375
2596 9540
2597 0
2598 19973
2599 0
2600 0
2601 15609
2602 10020
2603 9223
2604 15610
2605 9046
2606 9372
2607 15613
2608 14417
2609 10768
2610 22578
2611 15911
2612 13319
2613 2798
2614 14009
2615 15848
2616 5718
2617 3117
2618 20220
2619 17245
2620 7971
2621 0
2622 6965
2623 11125
2624 7936
2625 17197
2626 19774
2627 14220
2628 15610
2629 15794
2630 9505
2631 9184
2632 0
2633 14493
2634 15689
2635 16052
2636 15994
2637 9464
2638 9096
2639 12430
2640 15793
2641 3300
2642 23420
2643 5637
2644 4731
2645 11664
2646 19211
2647 15609
2648 4919
2649 8671
2650 15714
2651 15797
2652 15784
2653 8420
2654 6986
2655 15690
2656 1718
2657 0
2658 15852
2659 13630
2660 3759
2661 7439
2662 15631
2663 3730
2664 9136
2665 16043
2666 2505
2667 0
2668 15897
2669 5738
2670 15610
2671 0
2672 16030
2673 17246
2674 14013
2675 0
2676 0
2677 17103
2678 6496
2679 2082
2680 9550
2681 0
2682 15707
2683 8164
2684 2152
2685 15642
2686 0
2687 6005
2688 9414
2689 8506
2690 15858
2691 15125
2692 5523
2693 15609
2694 15747
2695 6871
2696 17620
2697 15780
2698 7344
2699 2758
2700 10332
2701 15613
2702 7182
2703 15975
2704 8018
2705 7706
2706 16613
2707 15743
2708 13506
2709 8363
2710 12545
2711 8013
2712 11186
2713 2645
2714 17131
2715 15630
2716 15977
2717 7874
2718 22141
2719 16891
2720 19618
2721 16031
2722 18145
2723 15769
2724 15855
2725 15896
2726 8101
2727 0
2728 8431
2729 3479
2730 7411
2731 4498
2732 4635
2733 5712
2734 6232
2735 8962
2736 15643
2737 15837
2738 15625
2739 2646
2740 5434
2741 9585
2742 15926
2743 3377
2744 7806
2745 16494
2746 21756
2747 0
2748 0
2749 16090
2750 16070
2751 7202
2752 16023
2753 15614
2754 7262
2755 15908
2756 5584
2757 9507
2758 1649
2759 0
2760 16015
2761 11177
2762 4920
2763 15962
2764 0
2765 15858
2766 5066
2767 16013
2768 0
2769 15631
2770 4864
2771 15948
2772 7265
2773 0
2774 15792
2775 5260
2776 15865
2777 12031
2778 0
2779 15630
2780 15611
2781 8442
2782 4215
2783 1003
2784 6541
2785 10718
2786 12015
2787 8004
2788 15613
2789 16094
2790 0
2791 3494
2792 21343
2793 15505
2794 19189
2795 8766
2796 13339
2797 4130
2798 5939
2799 9504
2800 2486
2801 15645
2802 15654
2803 4884
2804 12191
2805 15610
2806 15904
2807 14552
2808 7730
2809 15052
2810 17105
2811 16118
2812 15999
2813 17536
2814 15931
2815 15660
2816 16037
2817 7871
2818 2162
2819 0
2820 4408
2821 12946
2822 15709
2823 15631
2824 15609
2825 11995
2826 8066
2827 8530
2828 12789
2829 16046
2830 15961
2831 3824
2832 8231
2833 15992
2834 6058
2835 10916
2836 15969
2837 22742
2838 12346
2839 15611
2840 9545
2841 14304
2842 15610
2843 0
2844 15611
2845 3793
2846 15610
2847 15610
2848 0
2849 15632
2850 7380
2851 16878
2852 15886
2853 0
2854 5921
2855 0
2856 2212
2857 15674
2858 0
2859 16965
2860 15611
2861 0
2862 16886
2863 16013
2864 11078
2865 15746
2866 16173
2867 16078
2868 0
2869 0
2870 0
2871 15702
2872 13566
2873 15995
2874 5290
2875 1336
2876 15972
2877 9994
2878 15962
2879 5891
2880 0
2881 15611
2882 15803
2883 10005
2884 15610
2885 16076
2886 15610
2887 0
2888 1004
2889 6504
2890 0
2891 3268
2892 0
2893 0
2894 0
2895 8996
2896 6216
2897 16106
2898 15822
2899 15610
2900 3944
2901 0
2902 9822
2903 15610
2904 15850
2905 0
2906 6902
2907 9212
2908 7577
2909 16546
2910 21264
2911 10402
2912 16846
2913 20115
2914 10035
2915 12874
2916 17489
2917 17102
2918 12114
2919 15921
2920 9594
2921 7121
2922 19252
2923 10600
2924 15871
2925 5540
2926 18479
2927 15975
2928 12005
2929 11208
2930 12804
2931 11534
2932 19519
2933 11303
2934 20258
2935 11598
2936 20462
2937 7005
2938 9699
2939 18494
2940 10165
2941 20119
2942 17885
2943 0
2944 16093
2945 23507
2946 15754
2947 31307
2948 18867
2949 21590
2950 20764
2951 19113
2952 19506
2953 15730
2954 15612
2955 15625
2956 0
2957 9591
2958 8585
2959 15961
2960 16056
2961 15892
2962 16024
2963 17413
2964 3178
2965 15925
2966 15849
2967 15758
2968 16033
2969 16061
2970 15612
2971 15780
2972 15611
2973 15799
2974 15611
2975 15752
2976 1483
2977 3383
2978 11299
2979 6762
2980 0
2981 16119
2982 15610
2983 15684
2984 15731
2985 17157
2986 11627
2987 6949
2988 18515
2989 15610
2990 4561
2991 8660
2992 15609
2993 0
2994 15609
2995 15739
2996 10486
2997 16015
2998 0
2999 14182
3000 13005