1 0
2 0
3 0
4 0
5 0
6 0
7 0
8 0
9 0
10 0
11 0
12 0
13 0
14 0
15 0
16 0
17 0
18 0
19 0
20 0
21 0
22 0
23 0
24 0
25 0
26 0
27 0
28 0
29 0
30 0
31 0
32 0
33 0
34 0
35 0
36 0
37 0
38 0
39 0
40 0
41 0
42 0
43 0
44 0
45 0
46 0
47 0
48 0
49 0
50 0
51 0
52 0
53 0
54 0
55 0
56 0
57 0
58 0
59 0
60 0
61 0
62 0
63 0
64 0
65 0
66 0
67 0
68 0
69 0
70 0
71 0
72 0
73 0
74 0
75 0
76 0
77 0
78 0
79 0
80 0
81 0
82 0
83 0
84 0
85 0
86 0
87 0
88 0
89 0
90 0
91 0
92 0
93 0
94 0
95 1013100
96 0
97 0
98 0
99 0
100 0
101 0
102 0
103 0
104 0
105 0
106 0
107 0
108 0
109 0
110 0
111 0
112 0
113 0
114 0
115 0
116 0
117 0
118 0
119 0
120 0
121 0
122 0
123 0
124 0
125 0
126 0
127 0
128 0
129 0
130 0
131 0
132 1019300
133 0
134 0
135 0
136 0
137 0
138 0
139 0
140 0
141 0
142 0
143 0
144 0
145 0
146 0
147 0
148 0
149 0
150 0
151 0
152 0
153 0
154 0
155 0
156 1001800
157 0
158 0
159 0
160 0
161 0
162 0
163 0
164 0
165 0
166 0
167 0
168 0
169 0
170 0
171 0
172 0
173 0
174 0
175 0
176 0
177 0
178 0
179 0
180 0
181 0
182 0
183 0
184 0
185 0
186 0
187 0
188 0
189 0
190 1003900
191 0
192 0
193 0
194 0
195 0
196 0
197 0
198 0
199 0
200 0
201 0
202 0
203 0
204 0
205 0
206 0
207 0
208 998800
209 0
210 0
211 0
212 0
213 0
214 1003900
215 0
216 0
217 0
218 1000500
219 0
220 0
221 1000500
222 0
223 999500
224 0
225 0
226 1000000
227 0
228 0
229 0
230 0
231 0
232 0
233 0
234 0
235 0
236 0
237 0
238 0
239 0
240 0
241 0
242 999200
243 0
244 0
245 0
246 1000600
247 1007700
248 0
249 999900
250 0
251 0
252 1000300
253 0
254 0
255 0
256 0
257 0
258 0
259 0
260 0
261 1000400
262 0
263 0
264 1000300
265 1000200
266 0
267 0
268 997400
269 0
270 0
271 0
272 0
273 999200
274 0
275 0
276 1000300
277 0
278 999600
279 0
280 1000200
281 0
282 1000200
283 0
284 0
285 0
286 0
287 994400
288 0
289 0
290 1000200
291 0
292 0
293 1000100
294 1000200
295 1013500
296 1000000
297 1000400
298 0
299 0
300 0
301 0
302 0
303 0
304 0
305 0
306 0
307 1001400
308 0
309 0
310 0
311 1000900
312 0
313 0
314 1000000
315 519500
316 0
317 0
318 1000200
319 0
320 1000300
321 0
322 1000500
323 1001400
324 0
325 0
326 0
327 1123400
328 983800
329 1000200
330 0
331 1000900
332 0
333 0
334 0
335 1001800
336 1006000
337 1002800
338 0
339 0
340 1002300
341 0
342 0
343 0
344 0
345 0
346 0
347 0
348 0
349 0
350 1002400
351 1002000
352 1102400
353 1001800
354 1001900
355 0
356 1002000
357 1006200
358 1010200
359 1002400
360 1020200
361 1276600
362 1002300
363 0
364 1095600
365 1002600
366 1002800
367 0
368 1002000
369 1002000
370 0
371 0
372 1004400
373 1003200
374 0
375 1002100
376 1002400
377 0
378 1005100
379 0
380 0
381 1228700
382 1002100
383 1002300
384 0
385 0
386 1004500
387 1001800
388 1003100
389 0
390 1020300
391 1001900
392 1002800
393 1002400
394 2098100
395 1342700
396 1260800
397 1003800
398 1000400
399 1000300
400 0
401 1000300
402 1000100
403 1004300
404 1000000
405 1000300
406 1000500
407 1000900
408 999500
409 1000300
410 0
411 999900
412 1000100
413 1000100
414 1000100
415 999800
416 1000200
417 1016900
418 999400
419 1015100
420 1000200
421 0
422 1000200
423 1000200
424 1016800
425 0
426 1000000
427 1123700
428 1004700
429 1001000
430 2000400
431 1000300
432 1000200
433 1002000
434 999900
435 1000700
436 1000200
437 999500
438 1000200
439 1016100
440 1000300
441 518800
442 1000300
443 1000100
444 1000100
445 1002200
446 517600
447 792400
448 1000200
449 1003300
450 999600
451 1002300
452 1000100
453 1000000
454 1000200
455 1000200
456 1000200
457 1000500
458 1000200
459 510700
460 2002000
461 2335900
462 1000600
463 1001000
464 1000300
465 999700
466 1000300
467 1000100
468 1002000
469 999400
470 998700
471 1000100
472 1001700
473 1000300
474 2000200
475 1000200
476 1015900
477 1000300
478 1000200
479 1000100
480 517600
481 999500
482 996500
483 991800
484 1000200
485 1000200
486 2000400
487 1014100
488 2000500
489 1000300
490 1501400
491 999300
492 998500
493 2000500
494 2000400
495 1017500
496 2000400
497 1001800
498 998700
499 1000200
500 1002600
501 1001800
502 1018800
503 998900
504 2000600
505 998700
506 1000500
507 1001600
508 1912200
509 1000300
510 1521100
511 1000100
512 1000300
513 807800
514 1000200
515 2000300
516 1985600
517 1000100
518 1018200
519 1006900
520 2000100
521 1025700
522 2000500
523 1000000
524 999200
525 1001800
526 1000500
527 1000100
528 1001600
529 2000400
530 1000300
531 2011800
532 1000300
533 1000200
534 1003700
535 2000500
536 1000200
537 1537300
538 1000400
539 1000200
540 2000300
541 2001000
542 1000300
543 2000600
544 2002700
545 2115300
546 999500
547 1002300
548 1000900
549 1001800
550 1000300
551 1003100
552 1001700
553 1000000
554 1000100
555 2000200
556 2002900
557 2000800
558 1000400
559 2000300
560 1021700
561 1018200
562 2003700
563 2000300
564 1000200
565 998700
566 997700
567 1998200
568 2000300
569 2002000
570 1697600
571 998700
572 2000400
573 1000100
574 1728900
575 2594700
576 2000800
577 988700
578 2000300
579 2000600
580 1002100
581 2173400
582 1001900
583 1998800
584 2000500
585 1000300
586 1001800
587 1999900
588 2003000
589 1996100
590 2001000
591 2000400
592 2000100
593 1998600
594 2002000
595 2000400
596 2000500
597 2002200
598 1000200
599 2000300
600 1997600
601 1986500
602 2001700
603 1999300
604 1000200
605 2000300
606 1000200
607 2000500
608 2001400
609 1998500
610 1999500
611 1998900
612 1000200
613 2001100
614 1000200
615 2001300
616 2000100
617 2020100
618 2537300
619 1998700
620 1997700
621 2639100
622 1998300
623 2001400
624 2000600
625 1001500
626 1137100
627 1000500
628 1998300
629 1000300
630 1173800
631 1999000
632 2002900
633 2000200
634 2018600
635 2003000
636 1999400
637 2002900
638 2002700
639 2000300
640 2000400
641 2000600
642 2000200
643 1538100
644 2000300
645 1992000
646 2001900
647 2002700
648 2020100
649 2000500
650 2001900
651 2001800
652 1999100
653 2000400
654 2000800
655 1999000
656 2000400
657 2119100
658 2000400
659 2000500
660 2000600
661 2000600
662 2002000
663 2016100
664 1995900
665 1985200
666 1992400
667 2015900
668 2000300
669 2002700
670 2002100
671 2020300
672 1999900
673 2000500
674 2000500
675 2002300
676 2000300
677 3000100
678 2015000
679 2019200
680 2000300
681 2000600
682 2000500
683 2000700
684 1996700
685 2998300
686 2000900
687 2000400
688 2535100
689 1991800
690 2000400
691 1998900
692 2000600
693 2673700
694 3001900
695 2000400
696 1999100
697 2000400
698 3001400
699 2002800
700 3002100
701 3000600
702 2002100
703 1999700
704 1998600
705 2000200
706 2001700
707 2000400
708 2000200
709 3002000
710 2001800
711 2000300
712 1998600
713 1985100
714 2018900
715 3000800
716 2001300
717 3000500
718 1998100
719 2000900
720 3000200
721 2000300
722 2561700
723 3017200
724 2999000
725 2822600
726 2000300
727 2018600
728 2889500
729 3000800
730 2001800
731 2000500
732 1999100
733 1998900
734 3201200
735 2000500
736 3001400
737 2000200
738 2000500
739 2984500
740 3000500
741 3000500
742 3000600
743 3000500
744 3001600
745 3387400
746 2521700
747 1998700
748 2999600
749 2000500
750 2999900
751 3003100
752 2000400
753 2999100
754 3091800
755 3002100
756 3001100
757 2999000
758 3003200
759 3000500
760 3003000
761 3000900
762 2998900
763 2999200
764 3003200
765 2000400
766 2999300
767 2998900
768 2998400
769 1999600
770 3001400
771 2999400
772 2539900
773 2000700
774 3001400
775 3000500
776 3002400
777 3002100
778 3002000
779 3116500
780 3007700
781 3003100
782 3007900
783 3001800
784 3452300
785 3000300
786 3000300
787 3000400
788 3002900
789 3000900
790 3002200
791 3000700
792 3016800
793 2999100
794 4001300
795 3003300
796 3015500
797 3000700
798 2999500
799 3000600
800 2998100
801 3002200
802 3003200
803 3001000
804 3002300
805 2521400
806 3000500
807 3000700
808 2561300
809 4000900
810 3002400
811 3018900
812 3002500
813 2999200
814 3008000
815 3000600
816 3259500
817 2999600
818 3000600
819 2536100
820 2984400
821 4001100
822 3003000
823 3000800
824 3000700
825 3000700
826 4017200
827 3000400
828 2984600
829 4003400
830 4003500
831 4001000
832 3002600
833 3001700
834 3019100
835 2998800
836 3999600
837 3017700
838 4000900
839 3000900
840 3000600
841 3001400
842 4014700
843 2999100
844 4000900
845 4003000
846 4001300
847 4001000
848 3000800
849 3000000
850 4024300
851 4000700
852 2998500
853 4002100
854 3000700
855 3540100
856 3002400
857 4101900
858 4293300
859 3000700
860 4000900
861 3002000
862 4001400
863 3000700
864 3000700
865 3000900
866 3003000
867 4000100
868 4019800
869 3999200
870 3000700
871 3000600
872 3000700
873 3000700
874 4002600
875 3538300
876 4000900
877 4000900
878 3002100
879 3000000
880 4003500
881 4998200
882 4000800
883 4001100
884 4001000
885 3000700
886 3999500
887 3998600
888 4000800
889 3985700
890 4000900
891 4001700
892 5001900
893 3000700
894 4001100
895 4001100
896 4001100
897 3538000
898 4020700
899 4001100
900 4002900
901 4065400
902 4003200
903 4038200
904 3986200
905 3999200
906 4537200
907 4717900
908 4001100
909 4020200
910 4449300
911 4002200
912 5020400
913 4001400
914 4000800
915 3999600
916 5002900
917 4001800
918 5002000
919 3993800
920 5001300
921 4001200
922 4000800
923 4000300
924 4001000
925 4001100
926 4001100
927 4001000
928 3998800
929 4000800
930 4000800
931 4001100
932 5019400
933 4000700
934 4001100
935 5020100
936 4003300
937 3999800
938 4000000
939 4998800
940 5019800
941 4000900
942 4000900
943 4001100
944 4003300
945 4001700
946 5001100
947 5000800
948 4653500
949 4017000
950 4000700
951 4003000
952 4001000
953 5001100
954 4999800
955 5020000
956 4000900
957 5001300
958 5000900
959 4002400
960 4401300
961 4000900
962 3999200
963 4003300
964 5001300
965 5016300
966 5001200
967 4003100
968 4000900
969 3999700
970 4001100
971 3998600
972 4002400
973 3635300
974 4388100
975 4000700
976 4999100
977 4000700
978 4000700
979 4519900
980 4529500
981 4001700
982 5001100
983 4001000
984 3999100
985 4312700
986 5001200
987 5002600
988 4000000
989 4021800
990 5003600
991 5001700
992 5017000
993 4000800
994 4001100
995 4000900
996 5000300
997 4537400
998 5000600
999 5001000
1000 4000700
