1 2453700
2 999400
3 1000300
4 1000500
5 1003700
6 999900
7 1000000
8 1000000
9 1000900
10 1140800
11 1000800
12 1001900
13 1001300
14 503400
15 0
16 0
17 0
18 1442700
19 1004800
20 1002900
21 1001000
22 1032700
23 0
24 1268400
25 1003900
26 1000000
27 1004900
28 999300
29 1178500
30 1390500
31 1383800
32 1260600
33 1071500
34 1136100
35 1295200
36 0
37 1006700
38 1005100
39 1573600
40 1139800
41 1008000
42 1018000
43 1057000
44 1024000
45 0
46 1006500
47 1012300
48 998700
49 1016500
50 0
51 1487400
52 1008600
53 1019700
54 1007500
55 1021700
56 1043000
57 0
58 1002800
59 0
60 1007400
61 1015300
62 0
63 0
64 1148500
65 1027100
66 0
67 1018500
68 1020200
69 1011300
70 1264100
71 0
72 1010700
73 1017700
74 1013400
75 1154800
76 1410300
77 1431900
78 1004600
79 1002100
80 1003500
81 0
82 1004300
83 1008900
84 0
85 0
86 1006500
87 1004600
88 1002900
89 1029800
90 0
91 1002400
92 0
93 1023400
94 1316500
95 1327000
96 0
97 1002600
98 1007600
99 1005800
100 1004800
101 1016400
102 0
103 1008500
104 1007200
105 1004100
106 503600
107 0
108 1003300
109 1029700
110 1003700
111 0
112 1010900
113 1018300
114 1080600
115 1190900
116 1028000
117 1018900
118 0
119 1019600
120 1211400
121 1438700
122 1019800
123 1024200
124 1008100
125 1018400
126 0
127 0
128 0
129 1017300
130 1019600
131 1029200
132 1019600
133 1010900
134 0
135 1020000
136 1006600
137 1020800
138 1022700
139 1120400
140 1025200
141 1041800
142 1007500
143 2446100
144 0
145 0
146 0
147 1118900
148 1020100
149 1014700
150 1010000
151 1024000
152 2039600
153 1013600
154 1005800
155 1005600
156 0
157 1030400
158 1027400
159 1036400
160 1230800
161 2009600
162 1007400
163 1004300
164 1004300
165 0
166 1003000
167 1096500
168 1023300
169 1003300
170 1002700
171 1040000
172 1006200
173 0
174 1002100
175 941400
176 0
177 1011700
178 1045600
179 1002100
180 0
181 1005600
182 1006100
183 1017500
184 1007000
185 0
186 1007000
187 0
188 1009200
189 1002400
190 1007500
191 1006500
192 1032700
193 2009600
194 1003800
195 1412400
196 1001600
197 2090300
198 1073300
199 1003800
200 1019800
201 1097100
202 1031000
203 1022800
204 1023300
205 1500800
206 1031700
207 1019000
208 659900
209 0
210 1006800
211 1005200
212 1007100
213 0
214 0
215 1013000
216 0
217 1004900
218 1003700
219 1004300
220 1003800
221 0
222 1340800
223 1028900
224 1023200
225 1021900
226 1006100
227 1163200
228 1077900
229 1477900
230 1002800
231 1014300
232 1004600
233 1004500
234 1004100
235 0
236 1139700
237 1020100
238 2253000
239 0
240 1023000
241 1007700
242 2200000
243 1006300
244 753300
245 1005900
246 1055600
247 1399600
248 1005800
249 1023800
250 1008900
251 648700
252 0
253 1006200
254 1068100
255 0
256 1005800
257 999800
258 1003400
259 1002700
260 1222500
261 1003800
262 1004900
263 1914200
264 2023900
265 1019400
266 1005300
267 1005600
268 1005300
269 2194200
270 1017600
271 2207600
272 1500700
273 1025900
274 1011100
275 2029100
276 2397400
277 1009600
278 2057800
279 1025200
280 1002200
281 3023400
282 1023000
283 1021100
284 1007300
285 1042400
286 1007600
287 2063000
288 987100
289 1000500
290 1025000
291 2563700
292 1005500
293 1019400
294 2103600
295 1022800
296 1157000
297 1674900
298 2006600
299 2327700
300 1006300
301 2024200
302 1009600
303 1007900
304 2262200
305 2243400
306 2045300
307 1001100
308 1185100
309 1449800
310 1019700
311 1005700
312 1368100
313 1029000
314 2130200
315 2036100
316 1327000
317 1438100
318 2815500
319 1006200
320 1030000
321 1005700
322 1013900
323 2163800
324 2423400
325 1179200
326 2007800
327 2297300
328 2020700
329 1112400
330 1499300
331 2137600
332 1240100
333 1421400
334 1369300
335 2230800
336 2417600
337 2010200
338 2195100
339 2008300
340 2182600
341 1341900
342 2184900
343 2322900
344 2038000
345 2389800
346 2377900
347 2423600
348 2085800
349 3033100
350 1021400
351 2007900
352 2182600
353 2478800
354 1018400
355 2022900
356 2451900
357 2320600
358 1148200
359 1057500
360 3130000
361 1000100
362 1024900
363 2376700
364 1019200
365 2180600
366 2047000
367 3240700
368 3062300
369 2319400
370 2015300
371 2302900
372 2044600
373 1019400
374 2392300
375 1236500
376 1409600
377 2030800
378 2019600
379 2313200
380 1256600
381 2247800
382 1005700
383 2258300
384 2643100
385 2472600
386 3039900
387 2024900
388 2299900
389 3027100
390 2173800
391 2402900
392 1437100
393 3051800
394 2698200
395 2593000
396 2495400
397 3531200
398 1465800
399 2260700
400 2090000
401 2029600
402 2475800
403 2403900
404 2284600
405 2555400
406 2022900
407 2820700
408 2169800
409 2090400
410 2115200
411 2075600
412 2245100
413 2151100
414 2026000
415 2005300
416 2243200
417 3054200
418 2615300
419 2509900
420 2236000
421 2253000
422 1005800
423 1289700
424 2443000
425 3205900
426 1493200
427 2267800
428 3304100
429 3254100
430 2046400
431 2314100
432 1005400
433 3015300
434 2181000
435 2005600
436 2656900
437 3355500
438 2424100
439 3376300
440 2685500
441 2014100
442 2540000
443 2209600
444 3005000
445 3013200
446 2316600
447 2021100
448 2168600
449 2507900
450 2005000
451 3190100
452 2450000
453 3042400
454 2514700
455 2017300
456 2428600
457 3001800
458 2010100
459 2464800
460 2226300
461 3371600
462 3562000
463 2069400
464 2387100
465 3269400
466 2005300
467 3295000
468 3158200
469 2356600
470 3985900
471 1986000
472 3238000
473 3531300
474 2262200
475 2347200
476 1493400
477 3523300
478 2005600
479 3030900
480 2480800
481 2006700
482 2056600
483 2119000
484 3100100
485 3036000
486 3125500
487 3080000
488 3440900
489 2617100
490 3233000
491 1986900
492 2010300
493 3030700
494 1416000
495 3654400
496 3351200
497 2142300
498 3310700
499 2211300
500 1391500
501 3191400
502 3361200
503 2984300
504 3439600
505 3076500
506 3541200
507 3247200
508 2004500
509 3495000
510 2319800
511 2010000
512 3505300
513 3024100
514 3296200
515 2085000
516 3683600
517 3314500
518 3537800
519 3991700
520 3309300
521 3143700
522 3621500
523 3265000
524 3114000
525 3213300
526 3057900
527 3594300
528 3185100
529 3047400
530 3124900
531 3345700
532 3365700
533 3173800
534 2473200
535 2245100
536 4341700
537 3171800
538 3527300
539 4041100
540 3265300
541 3008800
542 3370800
543 4055000
544 3408500
545 3714400
546 4027800
547 4006800
548 4013600
549 3133300
550 4023000
551 4016300
552 4120800
553 3298100
554 2399100
555 3147500
556 3407200
557 2207000
558 3482200
559 3187000
560 3683200
561 3412400
562 3535000
563 4127600
564 3802700
565 3614500
566 3052300
567 3218000
568 3351300
569 4030300
570 3308300
571 4149200
572 4396200
573 3053200
574 3578100
575 3351900
576 3098700
577 4295200
578 3349100
579 3020800
580 4348500
581 4037700
582 3680100
583 3078100
584 3146700
585 4734300
586 3233100
587 3509800
588 4029400
589 4287000
590 3452100
591 3534500
592 3128700
593 3282400
594 3070400
595 4014000
596 3524700
597 3478900
598 3002900
599 3194400
600 4317500
601 3884900
602 3192500
603 3287600
604 4037300
605 4012800
606 5045400
607 4950700
608 3267600
609 2365600
610 4288500
611 3789100
612 3738200
613 4092800
614 3785700
615 4010100
616 4678400
617 4371200
618 4067400
619 4028800
620 3282700
621 3568600
622 3983300
623 4006700
624 4030500
625 3514500
626 3007100
627 2006000
628 3799100
629 2898800
630 3221900
631 4521800
632 3517400
633 4097100
634 4025900
635 4009800
636 5373000
637 4298900
638 4017700
639 3605300
640 4028100
641 3984100
642 4020500
643 4018500
644 3330500
645 3429500
646 4025100
647 4242900
648 3450400
649 5240000
650 3984200
651 5274900
652 4494500
653 3690500
654 3011300
655 4343700
656 5031300
657 4307500
658 2490700
659 4033800
660 5005300
661 3031500
662 3366600
663 4396700
664 4004200
665 5001000
666 6191000
667 4186300
668 4891500
669 4215100
670 5337200
671 4015600
672 4286600
673 3343700
674 4095800
675 3780300
676 4005100
677 4201600
678 4211400
679 4575900
680 4135300
681 5387100
682 4396700
683 4516800
684 5287500
685 4402700
686 4473300
687 3987500
688 5348800
689 4677700
690 4437900
691 3407900
692 4186100
693 3365900
694 4144300
695 3634500
696 4530700
697 4302500
698 4003300
699 5127800
700 4509900
701 4464100
702 5458100
703 4315800
704 4527900
705 3639200
706 4131700
707 4325500
708 4824300
709 3910800
710 5323300
711 5173000
712 4713100
713 4236300
714 4523500
715 5054500
716 3351600
717 4246700
718 5338100
719 4983500
720 4182800
721 4925300
722 6332300
723 6756300
724 5334900
725 6438500
726 4056000
727 5336500
728 6687100
729 3018300
730 5350700
731 3494700
732 4481800
733 6124900
734 3202600
735 4209600
736 4431000
737 3467100
738 4994900
739 4036700
740 4503000
741 3044200
742 5495800
743 3451500
744 4524400
745 4693700
746 4204600
747 6340500
748 4849800
749 5114500
750 4696500
751 4986200
752 5505900
753 5304000
754 5155500
755 3824900
756 4404600
757 4446500
758 5086200
759 5398900
760 4378600
761 5234300
762 4045200
763 5252800
764 3265700
765 4762100
766 4212900
767 4795200
768 4373900
769 5652300
770 6096700
771 6329900
772 5046400
773 5006200
774 4359100
775 4798800
776 5252500
777 6425700
778 4317200
779 4498800
780 5160600
781 5440300
782 4061900
783 5947100
784 3717000
785 7000000
786 6319300
787 5056400
788 4998800
789 5246300
790 5878900
791 5222300
792 4987500
793 5280900
794 5381000
795 6006500
796 5260100
797 6484000
798 5983700
799 4490000
800 4681400
801 6585500
802 6027800
803 5541200
804 5454300
805 5190200
806 4106600
807 6137800
808 5095200
809 5039800
810 5498400
811 4178500
812 4493800
813 5616200
814 4005900
815 6515200
816 5036400
817 6404600
818 4344400
819 5271900
820 5506300
821 5342900
822 5064700
823 6987700
824 4245600
825 5238600
826 5512600
827 5451500
828 4951800
829 7203100
830 4263700
831 7224600
832 7336700
833 6124900
834 7512100
835 6487300
836 5392700
837 7447200
838 6953600
839 5277100
840 4166300
841 5772500
842 5102100
843 4440500
844 7455400
845 4992300
846 4986800
847 5394500
848 5025000
849 5876100
850 5862800
851 5384600
852 5627800
853 7537100
854 5254900
855 5061000
856 4284600
857 4006800
858 7211400
859 7342900
860 6441100
861 4471300
862 5901100
863 6481000
864 3985800
865 6062500
866 5426100
867 5501200
868 5376900
869 7484500
870 6494400
871 8068700
872 5352000
873 7512000
874 7319800
875 4506000
876 7511000
877 6354200
878 5479200
879 5529200
880 5986600
881 6445400
882 6017600
883 7147800
884 5665600
885 5306300
886 5632100
887 5561100
888 5317400
889 6351000
890 5300700
891 7017300
892 6440100
893 6156100
894 5424700
895 5732700
896 5494900
897 4150800
898 8561800
899 6375500
900 7121100
901 5480800
902 6327400
903 5167100
904 5938700
905 7051800
906 8370600
907 7302400
908 6459200
909 7210400
910 7843800
911 6933700
912 8189800
913 6192700
914 5776700
915 7114000
916 5104500
917 5512500
918 5323900
919 6574900
920 8000800
921 6516100
922 5215700
923 5984600
924 7135800
925 7107000
926 5260000
927 8494700
928 6327700
929 4983500
930 5322200
931 7474400
932 6048000
933 6234200
934 7130400
935 6031500
936 8179100
937 7469400
938 5987400
939 6146500
940 7324000
941 6729900
942 8283100
943 7114500
944 8274900
945 7212700
946 9258800
947 5541100
948 6816300
949 6697000
950 6680200
951 5070100
952 5342600
953 5251800
954 8505700
955 6300400
956 7125000
957 6389800
958 5424800
959 5474600
960 6245200
961 8378100
962 9174300
963 8098500
964 6721000
965 9502700
966 7036600
967 8862000
968 5371100
969 5657000
970 7009100
971 6370200
972 7988100
973 5463100
974 5331700
975 7235100
976 7413800
977 9042100
978 8489300
979 5338600
980 9921600
981 6044200
982 6491900
983 8475000
984 5533300
985 7447500
986 6688100
987 6069500
988 9077700
989 5991900
990 7252900
991 7487300
992 9277500
993 7697300
994 5859300
995 6603200
996 7023800
997 6410800
998 7365800
999 7651300
1000 9347000
